2 0.738147 0.608991 0.165641 0.155678 0.82487
2 0.904488 0.379574 0.134561 0.10196 0.819695
2 0.111433 0.309313 0.126893 0.133446 0.817618
2 0.858834 0.481692 0.13022 0.111281 0.812802
2 0.619539 0.14467 0.124884 0.0853608 0.79559
2 0.74762 0.337837 0.111632 0.0940871 0.793747
2 0.435967 0.0718097 0.11607 0.143157 0.779934
2 0.656831 0.274119 0.110724 0.0790367 0.778098
0 0.539004 0.945625 0.205245 0.108749 0.768034
2 0.698855 0.388866 0.12589 0.100431 0.751369
2 0.429094 0.236093 0.111665 0.0976262 0.746594
2 0.240848 0.492837 0.146262 0.135485 0.739305
2 0.738362 0.226875 0.13273 0.0810364 0.729974
2 0.308732 0.153301 0.10876 0.0964961 0.717306
0 0.405943 0.667344 0.16849 0.176841 0.715847
2 0.317966 0.087817 0.103353 0.0919847 0.711899
2 0.445842 0.176276 0.109849 0.0745085 0.70977
2 0.809148 0.95563 0.172934 0.0877309 0.709592
1 0.523902 0.0647376 0.027191 0.0708121 0.706947
2 0.556629 0.22821 0.105739 0.0808593 0.681273
1 0.494064 0.0630431 0.0254784 0.0691399 0.658366
2 0.969509 0.951868 0.060865 0.0959335 0.651436
2 0.977372 0.498155 0.0447346 0.139806 0.585405
2 0.404853 0.667221 0.171885 0.177874 0.472741
2 0.0322306 0.0326767 0.0644613 0.0637229 0.459252
2 0.539026 0.942582 0.204732 0.114836 0.422451
1 0.00660486 0.332654 0.0132097 0.0973008 0.295033
2 0.214571 0.024168 0.0811658 0.0463472 0.276386
0 0.810533 0.955721 0.173387 0.0881963 0.253775
