2 0.120113 0.926108 0.168042 0.146892 0.848085
2 0.94888 0.165207 0.10224 0.135489 0.83601
2 0.658566 0.649504 0.138021 0.147324 0.831069
0 0.380803 0.566737 0.175057 0.128206 0.825231
0 0.214711 0.495168 0.135203 0.140976 0.820447
2 0.040836 0.545705 0.081672 0.162184 0.795534
2 0.315896 0.378323 0.117906 0.113112 0.775854
2 0.832661 0.229087 0.115412 0.12849 0.738618
2 0.104549 0.589069 0.108672 0.105871 0.688904
0 0.719436 0.49359 0.402493 0.32236 0.68078
2 0.601411 0.309232 0.112428 0.136016 0.633442
2 0.0253759 0.654849 0.0505766 0.146563 0.594525
2 0.215988 0.494821 0.134786 0.144725 0.589668
2 0.155349 0.46511 0.107325 0.136843 0.559027
2 0.984451 0.475483 0.0310005 0.180295 0.490146
2 0.986933 0.496728 0.0261333 0.141547 0.357371
2 0.41067 0.462963 0.109332 0.0797647 0.345169
1 0.70817 0.521576 0.0730995 0.157389 0.319271
0 0.396622 0.464052 0.13621 0.0840861 0.25902
