0 0.613441 0.492977 0.310014 0.247964 0.85729
0 0.247978 0.368247 0.348389 0.276102 0.846307
0 0.201209 0.49316 0.373812 0.259701 0.835946
0 0.804404 0.667605 0.267851 0.46309 0.825826
0 0.934472 0.509405 0.131056 0.257005 0.783338
2 0.394298 0.138642 0.0677089 0.126651 0.773733
2 0.343153 0.164069 0.0762571 0.131924 0.74789
2 0.126412 0.298859 0.232403 0.245933 0.747752
2 0.0456511 0.216888 0.0913022 0.15615 0.723308
2 0.170562 0.160401 0.0953204 0.0916381 0.620939
2 0.318889 0.106658 0.0665277 0.0863866 0.5656
2 0.0891163 0.301417 0.151541 0.231762 0.491876
2 0.285379 0.203893 0.0849993 0.10136 0.419118
2 0.779912 0.110198 0.0665895 0.101696 0.2744
