0 0.904833 0.546566 0.144587 0.0930936 0.855558
2 0.33363 0.542546 0.0965734 0.105674 0.804261
0 0.775502 0.548503 0.135722 0.140617 0.778265
0 0.152396 0.578791 0.19504 0.188332 0.769945
2 0.306899 0.509148 0.0634542 0.0700142 0.629032
2 0.233243 0.495152 0.0778006 0.0977734 0.609575
1 0.544228 0.441758 0.0225437 0.0649114 0.350637
2 0.356943 0.463136 0.0357788 0.0380297 0.347414
2 0.395534 0.441514 0.0332718 0.0382998 0.316665
2 0.419175 0.439125 0.0239162 0.0328795 0.290478
2 0.400292 0.442305 0.02747 0.0340281 0.251085
