0 0.566746 0.434494 0.189571 0.163489 0.817633
0 0.374558 0.432407 0.216736 0.17597 0.808731
2 0.0294501 0.439146 0.0589003 0.107764 0.613105
2 0.117178 0.421455 0.0663485 0.0701825 0.585859
2 0.868886 0.465989 0.195386 0.177185 0.519074
2 0.0917833 0.429691 0.062062 0.0704327 0.504787
2 0.105758 0.42357 0.0737944 0.0729947 0.504522
2 0.0554377 0.437143 0.0604147 0.0835027 0.385312
2 0.163899 0.417979 0.0681989 0.0630168 0.360767
2 0.149535 0.420874 0.0535297 0.0590569 0.339654
2 0.142023 0.419771 0.0521591 0.067643 0.304487
