2 0.0992742 0.502597 0.141976 0.0972488 0.783679
2 0.942674 0.63153 0.113358 0.547948 0.778225
0 0.638456 0.519316 0.171031 0.086308 0.734242
2 0.884841 0.514938 0.103392 0.138283 0.70209
0 0.49487 0.522213 0.143276 0.0934303 0.693441
2 0.0676381 0.3927 0.130549 0.0779976 0.660597
2 0.741541 0.496545 0.0781786 0.0688355 0.573666
2 0.202216 0.398715 0.0708916 0.0549905 0.55724
2 0.793367 0.484198 0.0389154 0.0455447 0.555647
2 0.834803 0.477236 0.0405315 0.0411336 0.507799
0 0.74272 0.495521 0.0812159 0.0671384 0.375028
