2 0.291378 0.910409 0.297212 0.179182 0.863264
0 0.560367 0.390862 0.135855 0.197418 0.85744
2 0.615195 0.910149 0.253954 0.179702 0.848752
2 0.44362 0.741526 0.203785 0.203237 0.846087
1 0.47955 0.355611 0.0267271 0.0913993 0.81379
2 0.763684 0.368798 0.196625 0.31614 0.774478
0 0.421847 0.468795 0.179739 0.196615 0.773211
2 0.967616 0.728804 0.0645897 0.26313 0.63764
2 0.251377 0.568578 0.17641 0.312199 0.622524
1 0.829713 0.194546 0.0347397 0.121287 0.489964
1 0.500742 0.295789 0.0215733 0.0712934 0.457565
0 0.442541 0.741056 0.205828 0.19873 0.455526
1 0.546059 0.539084 0.0394341 0.177577 0.405574
1 0.546584 0.515562 0.0332918 0.138657 0.348906
