0 0.3434 0.455044 0.0982276 0.153606 0.840882
0 0.376023 0.325367 0.0989256 0.133155 0.837242
2 0.839689 0.291945 0.0850634 0.12067 0.83186
2 0.399842 0.893813 0.106808 0.173679 0.817036
2 0.0853714 0.169742 0.14511 0.327102 0.807217
2 0.161605 0.0509658 0.0829949 0.10129 0.779914
2 0.860042 0.151664 0.237385 0.303328 0.734399
0 0.597496 0.85768 0.121923 0.20723 0.704757
1 0.0170136 0.0950034 0.0228804 0.0820567 0.579185
2 0.462015 0.300239 0.0690472 0.160047 0.561556
0 0.462496 0.298811 0.067859 0.161279 0.355142
