0 0.534973 0.581997 0.115853 0.292777 0.886798
2 0.133279 0.528566 0.260402 0.323222 0.865747
2 0.282285 0.235287 0.216914 0.233142 0.846763
2 0.488783 0.8364 0.141988 0.214813 0.833891
2 0.912616 0.77951 0.174768 0.250033 0.83204
2 0.194421 0.791718 0.186806 0.196531 0.83069
2 0.576489 0.2799 0.16389 0.219975 0.801114
2 0.95521 0.585938 0.0895807 0.222743 0.735252
2 0.409849 0.646145 0.126772 0.207892 0.726265
2 0.724771 0.419708 0.124123 0.215495 0.568752
0 0.3793 0.381635 0.134721 0.177372 0.566982
0 0.410661 0.645603 0.124104 0.202156 0.465289
1 0.263869 0.499118 0.0490347 0.142825 0.44849
